413
383
242
222
211
308
433
305
439
178
105
444
261
331
513
338
494
127
232
201
380
430
199
275
401
114
57
45
212
117
435
142
99
527
440
327
299
468
465
238
191
350
528
269
354
72
393
388
381
189
183
209
162
7
464
192
522
488
153
355
244
309
508
64
328
208
457
475
313
172
399
534
504
122
104
226
224
107
278
223
135
498
216
77
284
445
392
37
302
206
512
76
167
141
197
377
443
18
316
317
234
5
22
157
349
236
405
295
254
110
221
190
150
301
94
453
409
55
340
155
300
60
515
115
406
11
463
479
112
132
282
130
469
185
425
259
323
21
0
436
400
188
193
245
239
419
121
517
61
360
176
119
83
456
207
458
66
424
519
461
318
43
274
414
426
369
351
151
432
106
394
285
298
32
35
198
169
442
44
111
75
263
428
376
213
286
210
59
78
524
1
164
54
84
34
126
375
358
246
93
91
386
2
79
403
467
336
180
253
31
396
196
179
280
337
123
85
147
262
502
214
70
412
525
518
511
203
474
251
267
418
312
480
348
137
139
186
334
283
325
281
292
52
345
58
378
372
220
407
455
48
290
95
531
408
182
520
364
181
516
303
410
143
148
421
205
476
501
398
50
227
230
42
276
15
13
82
14
163
315
324
173
495
256
341
255
344
51
248
46
89
29
74
38
125
109
429
39
24
446
454
374
297
27
460
509
499
291
462
314
411
270
241
353
149
390
427
195
88
102
113
526
49
8
200
120
529
395
103
100
202
215
19
40
361
53
352
140
493
69
490
231
487
3
36
471
129
333
532
533
402
370
472
68
362
174
63
304
483
25
482
235
86
219
240
289
447
438
161
243
101
156
357
321
387
273
296
96
165
491
416
260
371
225
133
170
485
81
218
382
451
204
385
356
397
477
87
470
30
136
28
47
194
484
503
367
311
319
20
500
335
478
237
250
264
506
247
422
144
384
441
80
507
486
310
359
116
71
23
154
92
431
175
373
521
332
279
306
124
26
257
65
497
145
187
294
492
417
118
10
131
530
159
420
379
67
322
293
90
489
342
514
437
459
366
505
347
229
160
134
466
265
228
9
152
434
320
166
363
389
108
17
277
62
177
481
307
184
268
450
404
368
510
391
287
473
233
452
158
4
217
272
496
330
523
168
258
97
326
448
33
128
171
365
16
6
423
138
339
73
41
249
415
98
12
266
343
288
346
271
329
449
252
146
56
