130
102
427
454
213
25
22
525
185
107
312
364
242
325
497
198
335
32
218
416
17
89
410
98
301
180
381
471
432
363
528
6
267
35
206
151
505
407
383
288
467
468
63
414
224
440
283
52
181
444
95
264
194
78
246
256
461
221
399
281
446
196
355
403
324
302
305
12
49
278
16
197
164
128
62
462
61
5
345
308
496
75
53
108
158
292
186
103
165
270
116
227
44
521
191
320
452
365
483
408
172
445
20
136
153
223
121
485
450
384
219
424
124
208
343
352
205
333
276
231
261
417
152
43
125
36
141
435
340
346
176
317
170
357
10
512
162
38
48
104
520
120
310
133
174
110
430
243
347
37
1
187
210
88
193
247
64
466
379
306
476
291
457
474
14
258
429
328
3
199
369
406
439
126
4
157
311
203
23
140
447
339
15
400
389
469
489
207
178
304
459
376
490
513
41
31
506
348
341
437
200
453
465
275
354
244
215
150
402
47
195
112
96
511
260
287
93
137
159
527
46
530
85
42
350
65
129
274
510
415
517
80
534
90
293
315
24
413
412
202
297
455
67
391
411
361
66
405
91
83
337
473
404
491
515
451
253
72
169
2
464
422
113
519
362
401
149
