367
101
254
434
58
286
55
419
263
373
161
59
436
509
131
235
280
60
342
217
398
477
167
299
266
374
57
488
298
393
425
494
183
421
395
134
184
21
236
257
81
531
211
428
245
82
463
359
209
241
420
51
441
114
9
7
135
514
156
144
251
448
390
11
360
319
273
423
228
71
380
426
378
492
39
56
92
171
154
239
117
371
119
284
54
418
204
142
356
349
344
358
222
168
163
182
470
285
190
19
143
175
318
433
482
18
382
13
458
316
115
397
177
290
487
189
351
29
40
271
372
132
27
155
145
262
479
386
33
229
501
248
353
431
220
160
250
86
69
532
313
79
309
334
522
495
456
255
28
87
216
499
240
139
94
295
73
502
265
282
307
529
442
331
214
392
123
74
68
30
148
76
70
498
314
523
294
438
326
508
97
484
300
268
277
269
233
330
138
329
323
443
296
272
8
0
500
493
478
370
396
377
516
105
226
127
50
289
77
388
385
322
507
201
259
192
518
279
366
327
503
460
375
26
504
303
212
387
122
524
409
475
237
99
234
118
147
232
336
321
173
45
111
533
179
188
100
238
481
249
252
230
472
109
34
394
338
526
225
106
84
486
449
166
146
480
368
