431
93
367
519
107
31
141
21
76
61
65
59
463
55
378
79
470
400
290
291
318
178
161
271
488
517
154
206
179
503
340
102
149
449
335
125
99
40
320
392
524
137
170
208
190
530
235
465
186
409
510
288
438
35
180
526
230
282
136
402
85
97
114
385
370
401
270
144
448
259
171
27
310
116
257
191
363
58
261
38
430
42
283
120
388
383
357
133
416
174
90
455
176
386
518
462
471
115
77
49
299
204
46
391
113
150
440
481
166
92
252
313
237
312
528
428
404
427
250
74
189
341
369
411
499
425
461
405
389
458
395
233
39
52
106
502
476
142
504
352
347
254
207
182
323
306
316
275
124
134
346
459
362
277
71
417
381
486
265
339
196
308
87
242
480
305
192
69
433
366
26
60
426
227
294
393
218
89
110
508
88
214
156
33
45
112
117
96
175
295
82
216
243
382
103
188
29
495
70
424
285
350
8
412
163
287
497
429
375
240
493
17
44
358
489
263
334
377
159
94
5
221
157
241
361
36
380
512
224
494
484
447
384
330
23
529
373
13
199
41
32
239
203
247
403
123
457
195
256
121
490
194
514
469
284
292
500
387
443
169
245
228
293
356
309
22
314
