501
328
223
217
185
28
272
321
253
219
215
441
300
532
348
376
262
152
193
148
68
414
450
477
220
273
365
127
301
37
54
198
329
453
371
57
64
491
126
6
43
531
165
109
279
472
379
505
3
78
147
167
298
360
248
209
135
413
515
359
12
98
492
269
9
232
122
415
187
100
151
343
521
266
333
105
397
63
464
325
132
162
118
286
446
104
399
454
50
353
274
11
67
506
212
460
478
184
468
138
201
326
482
423
251
479
91
280
16
315
475
456
511
172
211
47
131
525
197
408
444
139
336
130
244
394
264
146
319
20
119
205
18
451
303
0
48
276
24
522
246
2
435
534
439
86
62
14
342
226
19
302
317
73
421
406
53
498
372
129
390
95
225
364
516
238
296
255
34
496
452
368
437
66
483
181
322
331
332
467
355
396
304
311
466
420
10
513
487
101
160
436
407
418
422
523
25
289
267
258
108
111
374
210
15
260
327
128
4
509
183
177
145
249
398
143
442
173
202
410
84
7
83
354
158
213
351
281
56
473
234
419
80
338
268
30
231
445
432
168
527
474
307
344
200
434
51
485
222
345
155
297
533
75
81
507
349
324
337
164
140
236
520
229
72
1
153
431
93
367
519
107
31
141
21
76
61
65
59
463
55
378
79
470
400
290
291
318
178
161
271
488
517
154
206
179
503
340
102
149
449
335
125
99
40
320
392
524
137
170
208
190
530
235
465
186
409
510
288
438
35
180
526
230
282
136
402
85
97
114
385
370
401
270
144
448
259
171
27
310
116
257
191
363
58
261
38
430
42
283
120
388
383
357
133
416
174
90
455
176
386
518
462
471
115
77
49
299
204
46
391
113
150
440
481
166
92
252
313
237
312
528
428
404
427
250
74
189
341
369
411
499
425
461
405
389
458
395
233
39
52
106
502
476
142
504
352
347
254
207
182
323
306
316
275
124
134
346
459
362
277
71
417
381
486
265
339
196
308
87
242
480
305
192
69
433
366
26
60
426
227
294
393
218
89
110
508
88
214
156
33
45
112
117
96
175
295
82
216
243
382
103
188
29
495
70
424
285
350
8
412
163
287
497
429
375
240
493
17
44
358
489
263
334
377
159
94
5
221
157
241
361
36
380
512
224
494
484
447
384
330
23
529
373
13
199
41
32
239
203
247
403
123
457
195
256
121
490
194
514
469
284
292
500
387
443
169
245
228
293
356
309
22
314
278
