501
328
223
217
185
28
272
321
253
219
215
441
300
532
348
376
262
152
193
148
68
414
450
477
220
273
365
127
301
37
54
198
329
453
371
57
64
491
126
6
43
531
165
109
279
472
379
505
3
78
147
167
298
360
248
209
135
413
515
359
12
98
492
269
9
232
122
415
187
100
151
343
521
266
333
105
397
63
464
325
132
162
118
286
446
104
399
454
50
353
274
11
67
506
212
460
478
184
468
138
201
326
482
423
251
479
91
280
16
315
475
456
511
172
211
47
131
525
197
408
444
139
336
130
244
394
264
146
319
20
119
205
18
451
303
0
48
276
24
522
246
2
435
534
439
86
62
14
342
226
19
302
317
73
421
406
53
498
372
129
390
95
225
364
516
238
296
255
34
496
452
368
437
66
483
181
322
331
332
467
355
396
304
311
466
420
10
513
487
101
160
436
407
418
422
523
25
289
267
258
108
111
374
210
15
260
327
128
4
509
183
177
145
249
398
143
442
173
202
410
84
7
83
354
158
213
351
281
56
473
234
419
80
338
268
30
231
445
432
168
527
474
307
344
200
434
51
485
222
345
155
297
533
75
81
507
349
324
337
164
140
236
520
229
72
1
153
