1
11
22
29
35
40
41
44
47
48
50
52
55
59
63
68
72
76
77
79
85
91
92
102
105
106
109
115
120
127
129
132
137
143
148
156
158
160
162
167
170
171
175
177
179
181
190
201
207
214
233
236
242
243
245
248
250
252
256
259
260
262
264
276
278
282
283
288
297
305
315
319
322
334
337
339
340
354
358
361
364
369
370
376
384
387
391
393
395
398
400
401
402
405
408
409
412
417
418
419
423
427
428
431
433
437
440
445
447
451
454
464
466
467
472
474
490
500
507
512
522
525
527
529
530
533
548
560
561
566
567
571
576
583
586
589
593
594
599
601
604
607
613
616
622
637
639
642
644
646
647
648
649
652
658
665
669
677
678
679
680
683
684
687
688
697
701
705
713
715
723
737
738
745
758
764
778
779
785
787
794
796
798
799
808
810
817
818
821
830
831
839
840
846
857
865
866
869
872
874
885
889
897
898
905
909
911
920
921
923
924
928
935
938
950
956
957
961
965
966
974
979
996
999
1000
1005
1007
1011
1016
1018
1024
1025
1030
1032
1035
1043
1047
1048
1050
1052
1053
1054
1062
1063
1069