52
414
437
337
254
354
361
525
130
96
82
241
289
401
168
97
449
338
5
104
311
362
496
58
103
393
488
113
258
34
203
13
175
390
458
83
187
63
50
530
92
453
61
80
428
484
248
405
69
256
226
59
95
250
504
30
463
475
494
346
420
198
375
305
21
221
213
333
321
480
336
98
296
209
319
503
436
170
245
43
158
501
131
424
73
41
191
282
304
522
392
119
359
140
479
516
85
164
391
181
438
502
81
418
222
278
335
415
342
286
450
169
471
492
138
500
473
396
114
224
49
31
409
382
508
491
133
184
482
233
228
330
207
310
225
487
349
122
267
154
145
155
269
339
72
195
455
22
149
182
147
100
210
532
197
48
143
334
507
408
324
489
26
316
54
265
14
253
64
464
223
237
406
402
70
329
421
212
432
71
117
53
108
45
287
180
10
65
534
252
234
395
404
358
521
74
185
368
459
112
387
323
93
381
469
498
497
36
109
341
363
150
124
68
372
167
173
460
279
427
315
441
448
116
353
77
135
246
343
273
240
102
218
227
486
179
29
99
386
160
260
344
511
259
60
247
360
377
66
299
442
434
518
162
352
55
230
328
126
513
490
370
46
86
410
19
142
151
161
12
364
465
171
3
376
357
220
172
365
389
196
56
89
37
249
32
351
485
416
88
517
435
445
229
400
433
499
251
87
232
157
380
369
257
214
16
205
17
120
8
454
132
478
519
447
39
477
264
366
300
239
2
292
128
399
277
159
355
306
255
263
165
7
345
141
446
523
9
78
199
495
84
261
308
144
509
524
467
217
194
413
51
76
430
107
272
186
472
307
444
440
23
326
303
462
313
468
510
42
193
317
294
118
426
163
215
44
533
192
398
514
62
373
125
297
153
527
322
505
302
419
384
429
452
371
528
280
356
474
91
211
275
79
283
451
201
394
466
318
470
6
204
242
0
526
422
1
320
110
271
285
439
348
189
25
134
111
67
219
340
38
202
312
301
412
115
270
236
314
295
291
90
274
411
235
136
28
146
57
331
298
137
216
276
350
388
332
139
476
178
40
284
244
156
325
443
293
183
188
27
190
378
493
461
35
166
4
152
105
176
529
177
20
101
268
457
106
347
238
33
309
367
266
397
94
206
24
515
208
127
456
288
431
506
243
15
383
403
327
423
483
290
121
262
374
531
11
425
18
174
148
123
385
75
129
379
407
481
281
200
417
47
231
512
520
