0
6
11
13
15
16
22
26
31
36
41
43
45
47
53
56
59
60
61
62
63
65
68
69
70
71
73
74
75
76
80
82
89
90
91
92
93
94
95
98
99
100
103
104
106
107
108
109
110
114
115
116
117
118
120
122
127
129
130
131
133
134
136
141
144
148
149
150
152
155
156
162
164
165
167
170
171
174
175
178
179
182
185
186
188
189
192
194
196
197
198
201
202
205
208
211
212
215
216
218
219
221
223
224
225
227
229
231
232
234
235
236
237
238
239
242
244
245
250
251
258
259
260
262
263
264
265
266
268
269
271
275
276
277
278
279
282
283
284
285
287
295
297
298
299
300
305
309
310
313
314
316
318
320
322
325
328
330
336
337
339
342
343
346
351
352
353
355
356
360
363
364
368
373
374
376
378
380
381
382
384
388
392
396
397
398
400
401
402
404
405
411
413
418
419
421
424
430
432
433
434
437
439
443
444
445
446
447
449
451
454
455
456
459
460
462
468
471
473
474
475
476
478
479
482
485
486
487
488
491
495
497
500
502
503
506
507
508
509
510
512
515
520
521
522
523
524
525
527
528
529
534