1
2
3
4
5
7
8
9
10
12
14
17
18
19
20
21
23
24
25
27
28
29
30
32
33
34
35
37
38
39
40
42
44
46
48
49
50
51
52
54
55
57
58
64
66
67
72
77
78
79
81
83
84
85
86
87
88
96
97
101
102
105
111
112
113
119
121
123
124
125
126
128
132
135
137
138
139
140
142
143
145
146
147
151
153
154
157
158
159
160
161
163
166
168
169
172
173
176
177
180
181
183
184
187
190
191
193
195
199
200
203
204
206
207
209
210
213
214
217
220
222
226
228
230
233
240
241
243
246
247
248
249
252
253
254
255
256
257
261
267
270
272
273
274
280
281
286
288
289
290
291
292
293
294
296
301
302
303
304
306
307
308
311
312
315
317
319
321
323
324
326
327
329
331
332
333
334
335
338
340
341
344
345
347
348
349
350
354
357
358
359
361
362
365
366
367
369
370
371
372
375
377
379
383
385
386
387
389
390
391
393
394
395
399
403
406
407
408
409
410
412
414
415
416
417
420
422
423
425
426
427
428
429
431
435
436
438
440
441
442
448
450
452
453
457
458
461
463
464
465
466
467
469
470
472
477
480
481
483
484
489
490
492
493
494
496
498
499
501
504
505
511
513
514
516
517
518
519
526
530
531
532
533