6
7
11
13
17
21
28
31
32
39
43
46
47
56
59
69
77
78
80
83
85
87
91
96
98
101
107
109
110
111
115
118
119
122
123
129
134
140
145
147
148
149
151
154
158
168
174
176
178
179
180
181
183
186
188
195
198
201
202
206
223
225
228
238
245
246
247
259
260
265
266
267
269
277
278
279
284
287
294
301
302
307
310
313
314
317
320
335
336
337
339
343
349
351
354
360
361
362
369
372
373
375
380
386
389
390
392
397
401
405
406
410
411
418
419
420
423
424
426
427
431
433
445
450
453
454
457
458
460
465
467
468
478
480
481
489
491
492
505
506
509
511
521
530
532
534